[{"id": 0, "img_name": "IMG_5667", "width": 806, "height": 604, "position": [0.8035888343269731, 2.843288837510271, 3.422966436184025], "rotation": [[0.9799734755113109, 0.0171122345779568, 0.19839142804574755], [-0.012707650984510563, 0.9996441598488576, -0.023453555946326993], [-0.19872217516104718, 0.02046277370789704, 0.9798422179062513]], "fy": 3772.388771550607, "fx": 3322.649253575144}, {"id": 1, "img_name": "IMG_5698", "width": 806, "height": 604, "position": [0.26711798907761397, 2.2101753008072236, 2.3815848540252578], "rotation": [[0.9943219067700578, -0.017221695336093176, -0.10501123238447849], [0.01986150953592704, 0.9995111591548059, 0.024144630127015062], [0.10454408714083467, -0.026093216259535177, 0.9941778904749002]], "fy": 3772.388771550607, "fx": 3322.649253575144}, {"id": 2, "img_name": "IMG_5699", "width": 806, "height": 604, "position": [0.2195807283899591, 2.3753541779163125, 2.3767089476135714], "rotation": [[0.9946061538151112, -0.013964597273832492, -0.10277932095558462], [0.011581211518699222, 0.9996508528569048, -0.023749693097427818], [0.10307509074878644, 0.022431281850187074, 0.9944206168728035]], "fy": 3772.388771550607, "fx": 3322.649253575144}, {"id": 3, "img_name": "IMG_5939", "width": 806, "height": 604, "position": [-0.4866987078938787, -4.58552932186362, -4.758293575396757], "rotation": [[0.9332471604294541, 0.026858640068586157, 0.3582294669677897], [-0.09717460917554545, 0.9788987305844666, 0.17976198316579534], [-0.34584220806885413, -0.20257316879040482, 0.9161644385176023]], "fy": 3772.388771550607, "fx": 3322.649253575144}]